Array: Count
[1, 2, 3, 4, 5]: 8248
[1, 2, 3, 5, 4]: 8355
[1, 2, 4, 3, 5]: 8458
[1, 2, 4, 5, 3]: 8208
[1, 2, 5, 3, 4]: 8405
[1, 2, 5, 4, 3]: 8356
[1, 3, 2, 4, 5]: 8423
[1, 3, 2, 5, 4]: 8355
[1, 3, 4, 2, 5]: 8280
[1, 3, 4, 5, 2]: 8262
[1, 3, 5, 2, 4]: 8261
[1, 3, 5, 4, 2]: 8279
[1, 4, 2, 3, 5]: 8271
[1, 4, 2, 5, 3]: 8381
[1, 4, 3, 2, 5]: 8347
[1, 4, 3, 5, 2]: 8445
[1, 4, 5, 2, 3]: 8257
[1, 4, 5, 3, 2]: 8252
[1, 5, 2, 3, 4]: 8324
[1, 5, 2, 4, 3]: 8465
[1, 5, 3, 2, 4]: 8250
[1, 5, 3, 4, 2]: 8410
[1, 5, 4, 2, 3]: 8431
[1, 5, 4, 3, 2]: 8286
[2, 1, 3, 4, 5]: 8319
[2, 1, 3, 5, 4]: 8213
[2, 1, 4, 3, 5]: 8340
[2, 1, 4, 5, 3]: 8369
[2, 1, 5, 3, 4]: 8426
[2, 1, 5, 4, 3]: 8353
[2, 3, 1, 4, 5]: 8334
[2, 3, 1, 5, 4]: 8223
[2, 3, 4, 1, 5]: 8356
[2, 3, 4, 5, 1]: 8302
[2, 3, 5, 1, 4]: 8234
[2, 3, 5, 4, 1]: 8201
[2, 4, 1, 3, 5]: 8273
[2, 4, 1, 5, 3]: 8386
[2, 4, 3, 1, 5]: 8370
[2, 4, 3, 5, 1]: 8200
[2, 4, 5, 1, 3]: 8289
[2, 4, 5, 3, 1]: 8261
[2, 5, 1, 3, 4]: 8173
[2, 5, 1, 4, 3]: 8310
[2, 5, 3, 1, 4]: 8296
[2, 5, 3, 4, 1]: 8396
[2, 5, 4, 1, 3]: 8271
[2, 5, 4, 3, 1]: 8174
[3, 1, 2, 4, 5]: 8260
[3, 1, 2, 5, 4]: 8441
[3, 1, 4, 2, 5]: 8127
[3, 1, 4, 5, 2]: 8342
[3, 1, 5, 2, 4]: 8445
[3, 1, 5, 4, 2]: 8287
[3, 2, 1, 4, 5]: 8307
[3, 2, 1, 5, 4]: 8484
[3, 2, 4, 1, 5]: 8471
[3, 2, 4, 5, 1]: 8422
[3, 2, 5, 1, 4]: 8317
[3, 2, 5, 4, 1]: 8405
[3, 4, 1, 2, 5]: 8359
[3, 4, 1, 5, 2]: 8445
[3, 4, 2, 1, 5]: 8504
[3, 4, 2, 5, 1]: 8154
[3, 4, 5, 1, 2]: 8323
[3, 4, 5, 2, 1]: 8132
[3, 5, 1, 2, 4]: 8262
[3, 5, 1, 4, 2]: 8441
[3, 5, 2, 1, 4]: 8245
[3, 5, 2, 4, 1]: 8329
[3, 5, 4, 1, 2]: 8413
[3, 5, 4, 2, 1]: 8335
[4, 1, 2, 3, 5]: 8269
[4, 1, 2, 5, 3]: 8256
[4, 1, 3, 2, 5]: 8427
[4, 1, 3, 5, 2]: 8479
[4, 1, 5, 2, 3]: 8329
[4, 1, 5, 3, 2]: 8292
[4, 2, 1, 3, 5]: 8350
[4, 2, 1, 5, 3]: 8224
[4, 2, 3, 1, 5]: 8365
[4, 2, 3, 5, 1]: 8355
[4, 2, 5, 1, 3]: 8193
[4, 2, 5, 3, 1]: 8457
[4, 3, 1, 2, 5]: 8345
[4, 3, 1, 5, 2]: 8439
[4, 3, 2, 1, 5]: 8379
[4, 3, 2, 5, 1]: 8553
[4, 3, 5, 1, 2]: 8150
[4, 3, 5, 2, 1]: 8667
[4, 5, 1, 2, 3]: 8263
[4, 5, 1, 3, 2]: 8479
[4, 5, 2, 1, 3]: 8470
[4, 5, 2, 3, 1]: 8266
[4, 5, 3, 1, 2]: 8232
[4, 5, 3, 2, 1]: 8380
[5, 1, 2, 3, 4]: 8269
[5, 1, 2, 4, 3]: 8336
[5, 1, 3, 2, 4]: 8133
[5, 1, 3, 4, 2]: 8392
[5, 1, 4, 2, 3]: 8309
[5, 1, 4, 3, 2]: 8456
[5, 2, 1, 3, 4]: 8317
[5, 2, 1, 4, 3]: 8338
[5, 2, 3, 1, 4]: 8296
[5, 2, 3, 4, 1]: 8290
[5, 2, 4, 1, 3]: 8357
[5, 2, 4, 3, 1]: 8355
[5, 3, 1, 2, 4]: 8370
[5, 3, 1, 4, 2]: 8414
[5, 3, 2, 1, 4]: 8316
[5, 3, 2, 4, 1]: 8416
[5, 3, 4, 1, 2]: 8335
[5, 3, 4, 2, 1]: 8359
[5, 4, 1, 2, 3]: 8369
[5, 4, 1, 3, 2]: 8386
[5, 4, 2, 1, 3]: 8340
[5, 4, 2, 3, 1]: 8290
[5, 4, 3, 1, 2]: 8307
[5, 4, 3, 2, 1]: 8303
